1
1
{ irreducible snark with cc=4, 153 removable pairs of non-adjacent edges }
72
4 29 2
2 10 3
0 1 6
1 17 5
0 5 7
3 4 6
2 5 14
4 9 11
28 9 10
7 8 13
1 8 12
7 12 16
10 11 13
9 12 14
6 13 15
14 31 19
11 21 18
3 18 20
16 17 19
15 23 18
17 25 22
16 22 69
21 20 23
22 19 67
38 29 26
20 28 26
24 25 27
26 31 32
8 25 30
24 0 30
29 28 31
30 27 15
27 39 33
32 38 34
33 35 37
34 36 40
35 39 38
34 39 46
24 33 36
36 32 37
35 41 47
40 46 42
41 45 43
42 44 48
43 46 47
42 47 54
37 41 44
44 45 40
43 55 49
48 50 54
49 51 53
50 52 56
51 55 54
50 55 62
49 45 52
48 53 52
51 57 63
56 62 58
57 61 59
58 60 64
59 62 63
58 63 70
60 57 53
56 60 61
59 71 65
64 66 70
65 67 69
66 23 68
70 67 71
71 66 21
65 61 68
64 69 68
